                                                       自 動 車 交 通 量 時 間 変 動 図
調査地点：№ 4 表町一丁目

調査年月日：令和 6年 1月 9日(火) 天候:晴れ




    凡       例
                    小型車
                    大型車
                    大型車混入率




時       間       帯     7          8          9          10          11          12          13          14          15          16          17          18          19          計
全   車       合   計          677        665        485         496         446         459         479         427         490         450         451         489         462       6476
小       型       車          642        601        429         439         407         409         430         387         450         420         426         463         437       5940
大       型       車           35         64         56          57          39          50          49          40          40          30          25          26          25        536
大型車混入率                     5.2        9.6       11.5        11.5         8.7        10.9        10.2         9.4         8.2         6.7         5.5         5.3         5.4        8.3




時       間       帯     7          8          9          10          11          12          13          14          15          16          17          18          19          計
全   車       合   計          907        951        967        1020         945         901        1026        1041         913         921         931         931         897    12351
小       型       車          863        873        866         918         874         831         973         960         857         865         901         896         872    11549
大       型       車           44         78        101         102          71          70          53          81          56          56          30          35          25      802
大型車混入率                     4.9        8.2       10.4        10.0         7.5         7.8         5.2         7.8         6.1         6.1         3.2         3.8         2.8      6.5




時       間       帯     7          8          9          10          11          12          13          14          15          16          17          18          19          計
全   車       合   計         1584       1616       1452        1516        1391        1360        1505        1468        1403        1371        1382        1420        1359    18827
小       型       車         1505       1474       1295        1357        1281        1240        1403        1347        1307        1285        1327        1359        1309    17489
大       型       車           79        142        157         159         110         120         102         121          96          86          55          61          50     1338
大型車混入率                     5.0        8.8       10.8        10.5         7.9         8.8         6.8         8.2         6.8         6.3         4.0         4.3         3.7      7.1
                                                       自 動 車 交 通 量 時 間 変 動 図
調査地点：№ 4 表町一丁目

調査年月日：令和 6年 1月 9日(火) 天候:晴れ




    凡       例
                    小型車
                    大型車
                    大型車混入率




時       間       帯     7          8          9          10          11          12          13          14          15          16          17          18          19          計
全   車       合   計          832        730        625         692         650         683         750         648         637         641         501         587         628       8604
小       型       車          786        665        529         600         594         615         681         582         567         605         477         567         615       7883
大       型       車           46         65         96          92          56          68          69          66          70          36          24          20          13        721
大型車混入率                     5.5        8.9       15.4        13.3         8.6        10.0         9.2        10.2        11.0         5.6         4.8         3.4         2.1        8.4




時       間       帯     7          8          9          10          11          12          13          14          15          16          17          18          19          計
全   車       合   計         1075       1036        696         776         714         667         696         726         726         762         831         761         668    10134
小       型       車         1003        948        627         690         634         594         623         623         682         705         811         748         654     9342
大       型       車           72         88         69          86          80          73          73         103          44          57          20          13          14      792
大型車混入率                     6.7        8.5        9.9        11.1        11.2        10.9        10.5        14.2         6.1         7.5         2.4         1.7         2.1      7.8




時       間       帯     7          8          9          10          11          12          13          14          15          16          17          18          19          計
全   車       合   計         1907       1766       1321        1468        1364        1350        1446        1374        1363        1403        1332        1348        1296    18738
小       型       車         1789       1613       1156        1290        1228        1209        1304        1205        1249        1310        1288        1315        1269    17225
大       型       車          118        153        165         178         136         141         142         169         114          93          44          33          27     1513
大型車混入率                     6.2        8.7       12.5        12.1        10.0        10.4         9.8        12.3         8.4         6.6         3.3         2.4         2.1      8.1
                                                       自 動 車 交 通 量 時 間 変 動 図
調査地点：№ 4 表町一丁目

調査年月日：令和 6年 1月 9日(火) 天候:晴れ




    凡       例
                    小型車
                    大型車
                    大型車混入率




時       間       帯     7          8          9          10          11          12          13          14          15          16          17          18          19          計
全   車       合   計          904       1000        777         780         747         657         749         818         721         778         784         755         694    10164
小       型       車          860        923        701         707         684         618         707         755         691         728         769         739         684     9566
大       型       車           44         77         76          73          63          39          42          63          30          50          15          16          10      598
大型車混入率                     4.9        7.7        9.8         9.4         8.4         5.9         5.6         7.7         4.2         6.4         1.9         2.1         1.4      5.9




時       間       帯     7          8          9          10          11          12          13          14          15          16          17          18          19          計
全   車       合   計          661        621        492         538         523         535         562         497         516         499         450         514         471       6879
小       型       車          632        558        437         478         489         492         508         457         478         480         434         499         459       6401
大       型       車           29         63         55          60          34          43          54          40          38          19          16          15          12        478
大型車混入率                     4.4       10.1       11.2        11.2         6.5         8.0         9.6         8.0         7.4         3.8         3.6         2.9         2.5        6.9




時       間       帯     7          8          9          10          11          12          13          14          15          16          17          18          19          計
全   車       合   計         1565       1621       1269        1318        1270        1192        1311        1315        1237        1277        1234        1269        1165    17043
小       型       車         1492       1481       1138        1185        1173        1110        1215        1212        1169        1208        1203        1238        1143    15967
大       型       車           73        140        131         133          97          82          96         103          68          69          31          31          22     1076
大型車混入率                     4.7        8.6       10.3        10.1         7.6         6.9         7.3         7.8         5.5         5.4         2.5         2.4         1.9      6.3
                                                       自 動 車 交 通 量 時 間 変 動 図
調査地点：№ 4 表町一丁目

調査年月日：令和 6年 1月 9日(火) 天候:晴れ




    凡       例
                    小型車
                    大型車
                    大型車混入率




時       間       帯     7          8          9          10          11          12          13          14          15          16          17          18          19          計
全   車       合   計          728        703        666         747         703         670         682         742         676         700         780         729         653       9179
小       型       車          670        627        595         654         627         579         610         637         626         649         752         703         626       8355
大       型       車           58         76         71          93          76          91          72         105          50          51          28          26          27        824
大型車混入率                     8.0       10.8       10.7        12.4        10.8        13.6        10.6        14.2         7.4         7.3         3.6         3.6         4.1        9.0




時       間       帯     7          8          9          10          11          12          13          14          15          16          17          18          19          計
全   車       合   計          498        490        398         381         364         366         376         371         369         387         304         354         401       5059
小       型       車          460        437        324         314         315         304         324         321         317         352         278         329         377       4452
大       型       車           38         53         74          67          49          62          52          50          52          35          26          25          24        607
大型車混入率                     7.6       10.8       18.6        17.6        13.5        16.9        13.8        13.5        14.1         9.0         8.6         7.1         6.0       12.0




時       間       帯     7          8          9          10          11          12          13          14          15          16          17          18          19          計
全   車       合   計         1226       1193       1064        1128        1067        1036        1058        1113        1045        1087        1084        1083        1054    14238
小       型       車         1130       1064        919         968         942         883         934         958         943        1001        1030        1032        1003    12807
大       型       車           96        129        145         160         125         153         124         155         102          86          54          51          51     1431
大型車混入率                     7.8       10.8       13.6        14.2        11.7        14.8        11.7        13.9         9.8         7.9         5.0         4.7         4.8     10.1
