                                                       自 動 車 交 通 量 時 間 変 動 図
調査地点：№ 2 本町一丁目

調査年月日：令和 6年 1月 9日(火) 天候:晴れ




    凡       例
                    小型車
                    大型車
                    大型車混入率




時       間       帯     7          8          9          10          11          12          13          14          15          16          17          18          19          計
全   車       合   計          597        579        394         379         389         368         403         362         448         335         290         329         339       5212
小       型       車          565        535        349         339         353         335         375         336         420         320         277         314         326       4844
大       型       車           32         44         45          40          36          33          28          26          28          15          13          15          13        368
大型車混入率                     5.4        7.6       11.4        10.6         9.3         9.0         6.9         7.2         6.3         4.5         4.5         4.6         3.8        7.1




時       間       帯     7          8          9          10          11          12          13          14          15          16          17          18          19          計
全   車       合   計          770        806       1034        1144         948         959        1077        1081        1080         977        1201        1105         984    13166
小       型       車          730        755        934        1054         887         896        1028        1012        1017         921        1177        1082         971    12464
大       型       車           40         51        100          90          61          63          49          69          63          56          24          23          13      702
大型車混入率                     5.2        6.3        9.7         7.9         6.4         6.6         4.5         6.4         5.8         5.7         2.0         2.1         1.3      5.3




時       間       帯     7          8          9          10          11          12          13          14          15          16          17          18          19          計
全   車       合   計         1367       1385       1428        1523        1337        1327        1480        1443        1528        1312        1491        1434        1323    18378
小       型       車         1295       1290       1283        1393        1240        1231        1403        1348        1437        1241        1454        1396        1297    17308
大       型       車           72         95        145         130          97          96          77          95          91          71          37          38          26     1070
大型車混入率                     5.3        6.9       10.2         8.5         7.3         7.2         5.2         6.6         6.0         5.4         2.5         2.6         2.0      5.8
                                                       自 動 車 交 通 量 時 間 変 動 図
調査地点：№ 2 本町一丁目

調査年月日：令和 6年 1月 9日(火) 天候:晴れ




    凡       例
                    小型車
                    大型車
                    大型車混入率




時       間       帯     7          8          9          10         11          12         13          14         15         16         17          18          19          計
全   車       合   計           40         88        266        289         264        212         223        236        248        266         313         285         229       2959
小       型       車           37         69        232        268         243        194         199        221        231        244         298         270         212       2718
大       型       車            3         19         34         21          21         18          24         15         17         22          15          15          17        241
大型車混入率                     7.5       21.6       12.8        7.3         8.0        8.5        10.8        6.4        6.9        8.3         4.8         5.3         7.4        8.1




時       間       帯     7          8          9          10         11          12         13          14         15         16         17          18          19          計
全   車       合   計           52         84        154        158         139        145         163        144        175        126         115         118         100       1673
小       型       車           45         64        134        144         121        133         147        132        161        116         102         101          87       1487
大       型       車            7         20         20         14          18         12          16         12         14         10          13          17          13        186
大型車混入率                    13.5       23.8       13.0        8.9        12.9        8.3         9.8        8.3        8.0        7.9        11.3        14.4        13.0       11.1




時       間       帯     7          8          9          10         11          12         13          14         15         16         17          18          19          計
全   車       合   計           92        172        420        447         403        357         386        380        423        392         428         403         329       4632
小       型       車           82        133        366        412         364        327         346        353        392        360         400         371         299       4205
大       型       車           10         39         54         35          39         30          40         27         31         32          28          32          30        427
大型車混入率                    10.9       22.7       12.9        7.8         9.7        8.4        10.4        7.1        7.3        8.2         6.5         7.9         9.1        9.2
                                                       自 動 車 交 通 量 時 間 変 動 図
調査地点：№ 2 本町一丁目

調査年月日：令和 6年 1月 9日(火) 天候:晴れ




    凡       例
                    小型車
                    大型車
                    大型車混入率




時       間       帯     7          8          9          10          11          12          13          14          15          16          17          18          19          計
全   車       合   計          792        828        999        1084         885         958        1069        1044        1057         945        1142        1088         942    12833
小       型       車          746        763        896         991         811         885        1010         967         987         883        1107        1051         919    12016
大       型       車           46         65        103          93          74          73          59          77          70          62          35          37          23      817
大型車混入率                     5.8        7.9       10.3         8.6         8.4         7.6         5.5         7.4         6.6         6.6         3.1         3.4         2.4      6.4




時       間       帯     7          8          9          10          11          12          13          14          15          16          17          18          19          計
全   車       合   計          607        605        471         450         451         434         455         417         498         443         429         479         426       6165
小       型       車          573        548        409         400         399         385         409         380         460         410         403         452         399       5627
大       型       車           34         57         62          50          52          49          46          37          38          33          26          27          27        538
大型車混入率                     5.6        9.4       13.2        11.1        11.5        11.3        10.1         8.9         7.6         7.4         6.1         5.6         6.3        8.7




時       間       帯     7          8          9          10          11          12          13          14          15          16          17          18          19          計
全   車       合   計         1399       1433       1470        1534        1336        1392        1524        1461        1555        1388        1571        1567        1368    18998
小       型       車         1319       1311       1305        1391        1210        1270        1419        1347        1447        1293        1510        1503        1318    17643
大       型       車           80        122        165         143         126         122         105         114         108          95          61          64          50     1355
大型車混入率                     5.7        8.5       11.2         9.3         9.4         8.8         6.9         7.8         6.9         6.8         3.9         4.1         3.7      7.1
