                                                       自 動 車 交 通 量 時 間 変 動 図
調査地点：№ 2 本町一丁目

調査年月日：令和 6年 1月16日(火) 天候:雪のち晴れ




    凡       例
                    小型車
                    大型車
                    大型車混入率




時       間       帯     7          8          9          10          11          12          13          14          15          16          17          18          19          計
全   車       合   計          809        960        850         939         949         867         821         796         850        1155        1166         895         686    11743
小       型       車          762        891        779         854         900         812         753         750         795        1120        1133         877         666    11092
大       型       車           47         69         71          85          49          55          68          46          55          35          33          18          20      651
大型車混入率                     5.8        7.2        8.4         9.1         5.2         6.3         8.3         5.8         6.5         3.0         2.8         2.0         2.9      5.5




時       間       帯     7          8          9          10          11          12          13          14          15          16          17          18          19          計
全   車       合   計         1120       1043       1055         926         907         939         981         870         992        1006        1022        1029         805    12695
小       型       車         1047        982        973         835         821         866         907         803         915         946         991        1000         789    11875
大       型       車           73         61         82          91          86          73          74          67          77          60          31          29          16      820
大型車混入率                     6.5        5.8        7.8         9.8         9.5         7.8         7.5         7.7         7.8         6.0         3.0         2.8         2.0      6.5




時       間       帯     7          8          9          10          11          12          13          14          15          16          17          18          19          計
全   車       合   計         1929       2003       1905        1865        1856        1806        1802        1666        1842        2161        2188        1924        1491    24438
小       型       車         1809       1873       1752        1689        1721        1678        1660        1553        1710        2066        2124        1877        1455    22967
大       型       車          120        130        153         176         135         128         142         113         132          95          64          47          36     1471
大型車混入率                     6.2        6.5        8.0         9.4         7.3         7.1         7.9         6.8         7.2         4.4         2.9         2.4         2.4      6.0
                                                     自 動 車 交 通 量 時 間 変 動 図
調査地点：№ 2 本町一丁目

調査年月日：令和 6年 1月16日(火) 天候:雪のち晴れ




    凡       例
                    小型車
                    大型車
                    大型車混入率




時       間       帯     7         8          9         10          11         12          13         14         15         16         17         18         19         計
全   車       合   計         381        446       330         240        329         257        322        336        332        355        482        397        245       4452
小       型       車         367        418       301         214        304         228        292        312        304        328        457        377        222       4124
大       型       車          14         28        29          26         25          29         30         24         28         27         25         20         23        328
大型車混入率                    3.7        6.3       8.8        10.8        7.6        11.3        9.3        7.1        8.4        7.6        5.2        5.0        9.4        7.4




時       間       帯     7         8          9         10          11         12          13         14         15         16         17         18         19         計
全   車       合   計         373        560       386         435        334         296        368        355        356        455        432        404        159       4913
小       型       車         353        520       363         407        314         275        350        334        335        441        415        381        146       4634
大       型       車          20         40        23          28         20          21         18         21         21         14         17         23         13        279
大型車混入率                    5.4        7.1       6.0         6.4        6.0         7.1        4.9        5.9        5.9        3.1        3.9        5.7        8.2        5.7




時       間       帯     7         8          9         10          11         12          13         14         15         16         17         18         19         計
全   車       合   計         754       1006       716         675        663         553        690        691        688        810        914        801        404       9365
小       型       車         720        938       664         621        618         503        642        646        639        769        872        758        368       8758
大       型       車          34         68        52          54         45          50         48         45         49         41         42         43         36        607
大型車混入率                    4.5        6.8       7.3         8.0        6.8         9.0        7.0        6.5        7.1        5.1        4.6        5.4        8.9        6.5
                                                       自 動 車 交 通 量 時 間 変 動 図
調査地点：№ 2 本町一丁目

調査年月日：令和 6年 1月16日(火) 天候:雪のち晴れ




    凡       例
                    小型車
                    大型車
                    大型車混入率




時       間       帯     7          8          9          10          11          12          13          14          15          16          17          18          19          計
全   車       合   計          899        838        928         807         773         749         776         706         809         827         936         902         633    10583
小       型       車          838        803        872         739         714         705         730         654         758         792         910         881         622    10018
大       型       車           61         35         56          68          59          44          46          52          51          35          26          21          11      565
大型車混入率                     6.8        4.2        6.0         8.4         7.6         5.9         5.9         7.4         6.3         4.2         2.8         2.3         1.7      5.3




時       間       帯     7          8          9          10          11          12          13          14          15          16          17          18          19          計
全   車       合   計          642        692        602         586         632         634         603         537         565         726         728         657         466       8070
小       型       車          615        650        557         532         605         598         554         509         531         702         711         645         457       7666
大       型       車           27         42         45          54          27          36          49          28          34          24          17          12           9        404
大型車混入率                     4.2        6.1        7.5         9.2         4.3         5.7         8.1         5.2         6.0         3.3         2.3         1.8         1.9        5.0




時       間       帯     7          8          9          10          11          12          13          14          15          16          17          18          19          計
全   車       合   計         1541       1530       1530        1393        1405        1383        1379        1243        1374        1553        1664        1559        1099    18653
小       型       車         1453       1453       1429        1271        1319        1303        1284        1163        1289        1494        1621        1526        1079    17684
大       型       車           88         77        101         122          86          80          95          80          85          59          43          33          20      969
大型車混入率                     5.7        5.0        6.6         8.8         6.1         5.8         6.9         6.4         6.2         3.8         2.6         2.1         1.8      5.2
                                                       自 動 車 交 通 量 時 間 変 動 図
調査地点：№ 2 本町一丁目

調査年月日：令和 6年 1月16日(火) 天候:雪のち晴れ




    凡       例
                    小型車
                    大型車
                    大型車混入率




時       間       帯     7          8          9          10          11          12          13          14          15          16          17          18          19         計
全   車       合   計          672        821        567         598         492         526         580         507         535         605         579         613        373       7468
小       型       車          628        753        510         536         437         470         528         464         484         561         552         578        353       6854
大       型       車           44         68         57          62          55          56          52          43          51          44          27          35         20        614
大型車混入率                     6.5        8.3       10.1        10.4        11.2        10.6         9.0         8.5         9.5         7.3         4.7         5.7        5.4        8.2




時       間       帯     7          8          9          10          11          12          13          14          15          16          17          18          19         計
全   車       合   計          626        770        632         637         670         530         547         583         613         755         981         717        507       8568
小       型       車          580        713        569         569         615         476         492         534         560         712         935         687        471       7913
大       型       車           46         57         63          68          55          54          55          49          53          43          46          30         36        655
大型車混入率                     7.3        7.4       10.0        10.7         8.2        10.2        10.1         8.4         8.6         5.7         4.7         4.2        7.1        7.6




時       間       帯     7          8          9          10          11          12          13          14          15          16          17          18          19         計
全   車       合   計         1298       1591       1199        1235        1162        1056        1127        1090        1148        1360        1560        1330        880    16036
小       型       車         1208       1466       1079        1105        1052         946        1020         998        1044        1273        1487        1265        824    14767
大       型       車           90        125        120         130         110         110         107          92         104          87          73          65         56     1269
大型車混入率                     6.9        7.9       10.0        10.5         9.5        10.4         9.5         8.4         9.1         6.4         4.7         4.9        6.4      7.9
