                                                      自 動 車 交 通 量 時 間 変 動 図
調査地点：№ 1 本町二丁目五差路

調査年月日：令和 6年 1月16日(火) 天候:雪のち晴れ




    凡       例
                    小型車
                    大型車
                    大型車混入率




時       間       帯     7         8          9          10          11          12          13          14          15          16         17         18         19         計
全   車       合   計         530        662        410         368         371         335         324         348         385        435        551        447        266       5432
小       型       車         505        624        374         343         354         323         301         324         355        411        537        433        250       5134
大       型       車          25         38         36          25          17          12          23          24          30         24         14         14         16        298
大型車混入率                    4.7        5.7        8.8         6.8         4.6         3.6         7.1         6.9         7.8        5.5        2.5        3.1        6.0        5.5




時       間       帯     7         8          9          10          11          12          13          14          15          16         17         18         19         計
全   車       合   計         218        243        195         153         158         174         161         205         233        274        315        337        250       2916
小       型       車         202        217        170         130         133         155         134         180         209        247        291        316        235       2619
大       型       車          16         26         25          23          25          19          27          25          24         27         24         21         15        297
大型車混入率                    7.3       10.7       12.8        15.0        15.8        10.9        16.8        12.2        10.3        9.9        7.6        6.2        6.0       10.2




時       間       帯     7         8          9          10          11          12          13          14          15          16         17         18         19         計
全   車       合   計         748        905        605         521         529         509         485         553         618        709        866        784        516       8348
小       型       車         707        841        544         473         487         478         435         504         564        658        828        749        485       7753
大       型       車          41         64         61          48          42          31          50          49          54         51         38         35         31        595
大型車混入率                    5.5        7.1       10.1         9.2         7.9         6.1        10.3         8.9         8.7        7.2        4.4        4.5        6.0        7.1
                                                       自 動 車 交 通 量 時 間 変 動 図
調査地点：№ 1 本町二丁目五差路

調査年月日：令和 6年 1月16日(火) 天候:雪のち晴れ




    凡       例
                    小型車
                    大型車
                    大型車混入率




時       間       帯     7          8          9          10          11          12          13          14          15          16          17          18          19         計
全   車       合   計          646        724        673         592         601         536         526         598         606         676         956         803        489       8426
小       型       車          601        675        616         519         555         487         466         551         557         638         915         770        449       7799
大       型       車           45         49         57          73          46          49          60          47          49          38          41          33         40        627
大型車混入率                     7.0        6.8        8.5        12.3         7.7         9.1        11.4         7.9         8.1         5.6         4.3         4.1        8.2        7.4




時       間       帯     7          8          9          10          11          12          13          14          15          16          17          18          19         計
全   車       合   計          656        883        598         593         538         485         601         516         560         606         617         603        421       7677
小       型       車          612        814        525         520         485         441         550         463         510         559         586         575        396       7036
大       型       車           44         69         73          73          53          44          51          53          50          47          31          28         25        641
大型車混入率                     6.7        7.8       12.2        12.3         9.9         9.1         8.5        10.3         8.9         7.8         5.0         4.6        5.9        8.3




時       間       帯     7          8          9          10          11          12          13          14          15          16          17          18          19         計
全   車       合   計         1302       1607       1271        1185        1139        1021        1127        1114        1166        1282        1573        1406        910    16103
小       型       車         1213       1489       1141        1039        1040         928        1016        1014        1067        1197        1501        1345        845    14835
大       型       車           89        118        130         146          99          93         111         100          99          85          72          61         65     1268
大型車混入率                     6.8        7.3       10.2        12.3         8.7         9.1         9.8         9.0         8.5         6.6         4.6         4.3        7.1      7.9
                                                      自 動 車 交 通 量 時 間 変 動 図
調査地点：№ 1 本町二丁目五差路

調査年月日：令和 6年 1月16日(火) 天候:雪のち晴れ




    凡       例
                    小型車
                    大型車
                    大型車混入率




時       間       帯     7         8          9          10          11          12          13          14          15          16         17         18          19         計
全   車       合   計         429        318        376         401         378         383         391         392         374        420        431         477        358       5128
小       型       車         402        296        295         306         316         309         318         308         318        391        405         463        350       4477
大       型       車          27         22         81          95          62          74          73          84          56         29         26          14          8        651
大型車混入率                    6.3        6.9       21.5        23.7        16.4        19.3        18.7        21.4        15.0        6.9        6.0         2.9        2.2       12.7




時       間       帯     7         8          9          10          11          12          13          14          15          16         17         18          19         計
全   車       合   計         532        530        480         468         420         432         384         383         437        496        556         524        362       6004
小       型       車         485        465        411         380         353         377         311         311         383        461        535         512        347       5331
大       型       車          47         65         69          88          67          55          73          72          54         35         21          12         15        673
大型車混入率                    8.8       12.3       14.4        18.8        16.0        12.7        19.0        18.8        12.4        7.1        3.8         2.3        4.1       11.2




時       間       帯     7         8          9          10          11          12          13          14          15          16         17         18          19         計
全   車       合   計         961        848        856         869         798         815         775         775         811        916        987        1001        720    11132
小       型       車         887        761        706         686         669         686         629         619         701        852        940         975        697     9808
大       型       車          74         87        150         183         129         129         146         156         110         64         47          26         23     1324
大型車混入率                    7.7       10.3       17.5        21.1        16.2        15.8        18.8        20.1        13.6        7.0        4.8         2.6        3.2     11.9
                                                       自 動 車 交 通 量 時 間 変 動 図
調査地点：№ 1 本町二丁目五差路

調査年月日：令和 6年 1月16日(火) 天候:雪のち晴れ




    凡       例
                    小型車
                    大型車
                    大型車混入率




時       間       帯     7          8          9          10          11          12          13          14          15          16          17          18         19          計
全   車       合   計          295        376        224         181         162         199         176         225         244         288         293        340         277       3280
小       型       車          265        311        180         139         129         166         138         182         207         249         258        307         247       2778
大       型       車           30         65         44          42          33          33          38          43          37          39          35         33          30        502
大型車混入率                    10.2       17.3       19.6        23.2        20.4        16.6        21.6        19.1        15.2        13.5        11.9        9.7        10.8       15.3




時       間       帯     7          8          9          10          11          12          13          14          15          16          17          18         19          計
全   車       合   計          302        347        234         252         246         223         234         232         269         309         342        308         202       3500
小       型       車          275        305        200         223         213         194         202         208         238         279         311        281         177       3106
大       型       車           27         42         34          29          33          29          32          24          31          30          31         27          25        394
大型車混入率                     8.9       12.1       14.5        11.5        13.4        13.0        13.7        10.3        11.5         9.7         9.1        8.8        12.4       11.3




時       間       帯     7          8          9          10          11          12          13          14          15          16          17          18         19          計
全   車       合   計          597        723        458         433         408         422         410         457         513         597         635        648         479       6780
小       型       車          540        616        380         362         342         360         340         390         445         528         569        588         424       5884
大       型       車           57        107         78          71          66          62          70          67          68          69          66         60          55        896
大型車混入率                     9.5       14.8       17.0        16.4        16.2        14.7        17.1        14.7        13.3        11.6        10.4        9.3        11.5       13.2
                                                       自 動 車 交 通 量 時 間 変 動 図
調査地点：№ 1 本町二丁目五差路

調査年月日：令和 6年 1月16日(火) 天候:雪のち晴れ




    凡       例
                    小型車
                    大型車
                    大型車混入率




時       間       帯     7          8          9          10          11          12          13          14          15          16          17          18          19          計
全   車       合   計          791        818        774         804         713         676         771         649         731         806         796         802         579       9710
小       型       車          725        744        673         680         615         599         671         559         659         753         763         782         564       8787
大       型       車           66         74        101         124          98          77         100          90          72          53          33          20          15        923
大型車混入率                     8.3        9.0       13.0        15.4        13.7        11.4        13.0        13.9         9.8         6.6         4.1         2.5         2.6        9.5




時       間       帯     7          8          9          10          11          12          13          14          15          16          17          18          19          計
全   車       合   計          983        895        950         880         863         815         808         876         841         940        1197        1097         734    11879
小       型       車          924        849        832         734         785         717         697         762         756         896        1155        1071         705    10883
大       型       車           59         46        118         146          78          98         111         114          85          44          42          26          29      996
大型車混入率                     6.0        5.1       12.4        16.6         9.0        12.0        13.7        13.0        10.1         4.7         3.5         2.4         4.0      8.4




時       間       帯     7          8          9          10          11          12          13          14          15          16          17          18          19          計
全   車       合   計         1774       1713       1724        1684        1576        1491        1579        1525        1572        1746        1993        1899        1313    21589
小       型       車         1649       1593       1505        1414        1400        1316        1368        1321        1415        1649        1918        1853        1269    19670
大       型       車          125        120        219         270         176         175         211         204         157          97          75          46          44     1919
大型車混入率                     7.0        7.0       12.7        16.0        11.2        11.7        13.4        13.4        10.0         5.6         3.8         2.4         3.4      8.9
