                                                       自 動 車 交 通 量 時 間 変 動 図
調査地点：№ 4 表町一丁目

調査年月日：令和 6年 1月16日(火) 天候:雪のち晴れ




    凡       例
                    小型車
                    大型車
                    大型車混入率




時       間       帯     7          8          9          10          11          12          13          14          15          16          17          18          19          計
全   車       合   計          653        728        584         572         621         610         593         572         564         635         650         638         454       7874
小       型       車          628        682        534         519         592         575         547         548         529         614         628         621         444       7461
大       型       車           25         46         50          53          29          35          46          24          35          21          22          17          10        413
大型車混入率                     3.8        6.3        8.6         9.3         4.7         5.7         7.8         4.2         6.2         3.3         3.4         2.7         2.2        5.2




時       間       帯     7          8          9          10          11          12          13          14          15          16          17          18          19          計
全   車       合   計          909        920        892         831         757         825         856         793         783         824         905         909         715    10919
小       型       車          864        875        827         763         710         782         808         735         735         789         886         891         710    10375
大       型       車           45         45         65          68          47          43          48          58          48          35          19          18           5      544
大型車混入率                     5.0        4.9        7.3         8.2         6.2         5.2         5.6         7.3         6.1         4.2         2.1         2.0         0.7      5.0




時       間       帯     7          8          9          10          11          12          13          14          15          16          17          18          19          計
全   車       合   計         1562       1648       1476        1403        1378        1435        1449        1365        1347        1459        1555        1547        1169    18793
小       型       車         1492       1557       1361        1282        1302        1357        1355        1283        1264        1403        1514        1512        1154    17836
大       型       車           70         91        115         121          76          78          94          82          83          56          41          35          15      957
大型車混入率                     4.5        5.5        7.8         8.6         5.5         5.4         6.5         6.0         6.2         3.8         2.6         2.3         1.3      5.1
                                                       自 動 車 交 通 量 時 間 変 動 図
調査地点：№ 4 表町一丁目

調査年月日：令和 6年 1月16日(火) 天候:雪のち晴れ




    凡       例
                    小型車
                    大型車
                    大型車混入率




時       間       帯     7          8          9          10          11          12          13          14          15          16          17          18          19          計
全   車       合   計          822        796        966         854         745         821         808         925         853         864         847         825         763    10889
小       型       車          769        738        852         718         653         728         705         791         751         804         814         804         753     9880
大       型       車           53         58        114         136          92          93         103         134         102          60          33          21          10     1009
大型車混入率                     6.4        7.3       11.8        15.9        12.3        11.3        12.7        14.5        12.0         6.9         3.9         2.5         1.3      9.3




時       間       帯     7          8          9          10          11          12          13          14          15          16          17          18          19          計
全   車       合   計          990       1021        789         802         789         807         725         722         725         834         996         898         575    10673
小       型       車          931        937        702         682         676         730         615         623         671         776         963         873         555     9734
大       型       車           59         84         87         120         113          77         110          99          54          58          33          25          20      939
大型車混入率                     6.0        8.2       11.0        15.0        14.3         9.5        15.2        13.7         7.4         7.0         3.3         2.8         3.5      8.8




時       間       帯     7          8          9          10          11          12          13          14          15          16          17          18          19          計
全   車       合   計         1812       1817       1755        1656        1534        1628        1533        1647        1578        1698        1843        1723        1338    21562
小       型       車         1700       1675       1554        1400        1329        1458        1320        1414        1422        1580        1777        1677        1308    19614
大       型       車          112        142        201         256         205         170         213         233         156         118          66          46          30     1948
大型車混入率                     6.2        7.8       11.5        15.5        13.4        10.4        13.9        14.1         9.9         6.9         3.6         2.7         2.2      9.0
                                                       自 動 車 交 通 量 時 間 変 動 図
調査地点：№ 4 表町一丁目

調査年月日：令和 6年 1月16日(火) 天候:雪のち晴れ




    凡       例
                    小型車
                    大型車
                    大型車混入率




時       間       帯     7          8          9          10          11          12          13          14          15          16          17          18          19          計
全   車       合   計          911        941        800         741         678         725         771         726         706         725         822         831         637    10014
小       型       車          865        889        742         684         623         683         719         668         668         692         798         821         632     9484
大       型       車           46         52         58          57          55          42          52          58          38          33          24          10           5      530
大型車混入率                     5.0        5.5        7.3         7.7         8.1         5.8         6.7         8.0         5.4         4.6         2.9         1.2         0.8      5.3




時       間       帯     7          8          9          10          11          12          13          14          15          16          17          18          19          計
全   車       合   計          640        747        727         612         619         609         592         699         643         640         668         632         488       8316
小       型       車          614        697        674         549         579         573         541         643         595         614         646         621         478       7824
大       型       車           26         50         53          63          40          36          51          56          48          26          22          11          10        492
大型車混入率                     4.1        6.7        7.3        10.3         6.5         5.9         8.6         8.0         7.5         4.1         3.3         1.7         2.0        5.9




時       間       帯     7          8          9          10          11          12          13          14          15          16          17          18          19          計
全   車       合   計         1551       1688       1527        1353        1297        1334        1363        1425        1349        1365        1490        1463        1125    18330
小       型       車         1479       1586       1416        1233        1202        1256        1260        1311        1263        1306        1444        1442        1110    17308
大       型       車           72        102        111         120          95          78         103         114          86          59          46          21          15     1022
大型車混入率                     4.6        6.0        7.3         8.9         7.3         5.8         7.6         8.0         6.4         4.3         3.1         1.4         1.3      5.6
                                                       自 動 車 交 通 量 時 間 変 動 図
調査地点：№ 4 表町一丁目

調査年月日：令和 6年 1月16日(火) 天候:雪のち晴れ




    凡       例
                    小型車
                    大型車
                    大型車混入率




時       間       帯     7          8          9          10          11          12          13          14          15          16         17          18          19         計
全   車       合   計          627        664        514         519         514         522         433         467         493        536         728         595        345       6957
小       型       車          592        614        459         430         427         467         348         383         451        496         710         580        328       6285
大       型       車           35         50         55          89          87          55          85          84          42         40          18          15         17        672
大型車混入率                     5.6        7.5       10.7        17.1        16.9        10.5        19.6        18.0         8.5        7.5         2.5         2.5        4.9        9.7




時       間       帯     7          8          9          10          11          12          13          14          15          16         17          18          19         計
全   車       合   計          474        441        456         441         393         437         432         476         465        462         478         450        421       5826
小       型       車          445        414        384         357         330         368         355         389         398        427         455         441        414       5177
大       型       車           29         27         72          84          63          69          77          87          67         35          23           9          7        649
大型車混入率                     6.1        6.1       15.8        19.0        16.0        15.8        17.8        18.3        14.4        7.6         4.8         2.0        1.7       11.1




時       間       帯     7          8          9          10          11          12          13          14          15          16         17          18          19         計
全   車       合   計         1101       1105        970         960         907         959         865         943         958        998        1206        1045        766    12783
小       型       車         1037       1028        843         787         757         835         703         772         849        923        1165        1021        742    11462
大       型       車           64         77        127         173         150         124         162         171         109         75          41          24         24     1321
大型車混入率                     5.8        7.0       13.1        18.0        16.5        12.9        18.7        18.1        11.4        7.5         3.4         2.3        3.1     10.3
