                                                     自 動 車 交 通 量 時 間 変 動 図
調査地点：№ 1 本町二丁目五差路

調査年月日：令和 6年 1月 9日(火) 天候:晴れ




    凡       例
                    小型車
                    大型車
                    大型車混入率




時       間       帯     7         8         9          10          11          12          13         14         15          16          17         18         19         計
全   車       合   計         357       431        387         406         391         367        397        384         375         381        381        334        257       4848
小       型       車         326       399        350         371         367         348        370        360         359         365        367        323        246       4551
大       型       車          31        32         37          35          24          19         27         24          16          16         14         11         11        297
大型車混入率                    8.7       7.4        9.6         8.6         6.1         5.2        6.8        6.3         4.3         4.2        3.7        3.3        4.3        6.1




時       間       帯     7         8         9          10          11          12          13         14         15          16          17         18         19         計
全   車       合   計         265       345        144         154         133         155        156        158         171         163        168        192        168       2372
小       型       車         249       325        122         131         118         136        141        143         149         137        154        180        154       2139
大       型       車          16        20         22          23          15          19         15         15          22          26         14         12         14        233
大型車混入率                    6.0       5.8       15.3        14.9        11.3        12.3        9.6        9.5        12.9        16.0        8.3        6.3        8.3        9.8




時       間       帯     7         8         9          10          11          12          13         14         15          16          17         18         19         計
全   車       合   計         622       776        531         560         524         522        553        542         546         544        549        526        425       7220
小       型       車         575       724        472         502         485         484        511        503         508         502        521        503        400       6690
大       型       車          47        52         59          58          39          38         42         39          38          42         28         23         25        530
大型車混入率                    7.6       6.7       11.1        10.4         7.4         7.3        7.6        7.2         7.0         7.7        5.1        4.4        5.9        7.3
                                                       自 動 車 交 通 量 時 間 変 動 図
調査地点：№ 1 本町二丁目五差路

調査年月日：令和 6年 1月 9日(火) 天候:晴れ




    凡       例
                    小型車
                    大型車
                    大型車混入率




時       間       帯     7          8          9          10          11          12          13          14          15          16          17          18          19         計
全   車       合   計          475        399        414         388         368         401         370         364         395         395         348         451        407       5175
小       型       車          432        353        370         328         311         348         320         325         349         360         311         427        388       4622
大       型       車           43         46         44          60          57          53          50          39          46          35          37          24         19        553
大型車混入率                     9.1       11.5       10.6        15.5        15.5        13.2        13.5        10.7        11.6         8.9        10.6         5.3        4.7       10.7




時       間       帯     7          8          9          10          11          12          13          14          15          16          17          18          19         計
全   車       合   計          526        489        650         682         623         624         665         605         661         659         587         623        585       7979
小       型       車          465        424        573         598         550         538         586         511         609         606         555         580        556       7151
大       型       車           61         65         77          84          73          86          79          94          52          53          32          43         29        828
大型車混入率                    11.6       13.3       11.8        12.3        11.7        13.8        11.9        15.5         7.9         8.0         5.5         6.9        5.0       10.4




時       間       帯     7          8          9          10          11          12          13          14          15          16          17          18          19         計
全   車       合   計         1001        888       1064        1070         991        1025        1035         969        1056        1054         935        1074        992    13154
小       型       車          897        777        943         926         861         886         906         836         958         966         866        1007        944    11773
大       型       車          104        111        121         144         130         139         129         133          98          88          69          67         48     1381
大型車混入率                    10.4       12.5       11.4        13.5        13.1        13.6        12.5        13.7         9.3         8.3         7.4         6.2        4.8     10.5
                                                       自 動 車 交 通 量 時 間 変 動 図
調査地点：№ 1 本町二丁目五差路

調査年月日：令和 6年 1月 9日(火) 天候:晴れ




    凡       例
                    小型車
                    大型車
                    大型車混入率




時       間       帯     7          8          9          10          11          12          13          14          15          16          17          18          19          計
全   車       合   計          286        380        189         202         191         204         206         217         215         221         223         255         215       3004
小       型       車          255        338        152         165         158         166         180         185         181         183         194         226         188       2571
大       型       車           31         42         37          37          33          38          26          32          34          38          29          29          27        433
大型車混入率                    10.8       11.1       19.6        18.3        17.3        18.6        12.6        14.7        15.8        17.2        13.0        11.4        12.6       14.4




時       間       帯     7          8          9          10          11          12          13          14          15          16          17          18          19          計
全   車       合   計          216        284        234         244         257         243         232         248         246         280         266         236         179       3165
小       型       車          195        261        208         216         231         224         206         227         224         262         245         224         159       2882
大       型       車           21         23         26          28          26          19          26          21          22          18          21          12          20        283
大型車混入率                     9.7        8.1       11.1        11.5        10.1         7.8        11.2         8.5         8.9         6.4         7.9         5.1        11.2        8.9




時       間       帯     7          8          9          10          11          12          13          14          15          16          17          18          19          計
全   車       合   計          502        664        423         446         448         447         438         465         461         501         489         491         394       6169
小       型       車          450        599        360         381         389         390         386         412         405         445         439         450         347       5453
大       型       車           52         65         63          65          59          57          52          53          56          56          50          41          47        716
大型車混入率                    10.4        9.8       14.9        14.6        13.2        12.8        11.9        11.4        12.1        11.2        10.2         8.4        11.9       11.6
                                                      自 動 車 交 通 量 時 間 変 動 図
調査地点：№ 1 本町二丁目五差路

調査年月日：令和 6年 1月 9日(火) 天候:晴れ




    凡       例
                    小型車
                    大型車
                    大型車混入率




時       間       帯     7         8          9          10          11          12          13          14          15         16         17         18         19         計
全   車       合   計         365        302        471         506         456         473         505         434        526        509        425        466        475       5913
小       型       車         331        269        418         448         409         414         445         367        489        472        412        444        464       5382
大       型       車          34         33         53          58          47          59          60          67         37         37         13         22         11        531
大型車混入率                    9.3       10.9       11.3        11.5        10.3        12.5        11.9        15.4        7.0        7.3        3.1        4.7        2.3        9.0




時       間       帯     7         8          9          10          11          12          13          14          15         16         17         18         19         計
全   車       合   計         476        394        433         422         393         423         425         388        433        404        356        455        422       5424
小       型       車         435        349        387         367         346         378         382         356        396        375        330        436        417       4954
大       型       車          41         45         46          55          47          45          43          32         37         29         26         19          5        470
大型車混入率                    8.6       11.4       10.6        13.0        12.0        10.6        10.1         8.2        8.5        7.2        7.3        4.2        1.2        8.7




時       間       帯     7         8          9          10          11          12          13          14          15         16         17         18         19         計
全   車       合   計         841        696        904         928         849         896         930         822        959        913        781        921        897    11337
小       型       車         766        618        805         815         755         792         827         723        885        847        742        880        881    10336
大       型       車          75         78         99         113          94         104         103          99         74         66         39         41         16     1001
大型車混入率                    8.9       11.2       11.0        12.2        11.1        11.6        11.1        12.0        7.7        7.2        5.0        4.5        1.8      8.8
